i=65
Fi=5000
max_F=20000
kc_true=29624.962890625
kappai=1310.881103515625
ac=0.9517500646961876
dt=-4.054154921222175e-09
fr=747081150.41155
dphi=-0.6255508473642932
phi=0.3985809011412931
poly_deg_range=5
eps=0.0245661615659025
c0_real=-0.08205852128715552
c0_imag=0.00405257169499136
nRange=211.63465312177576
delta_f_max=6547096.61426901
kappa=30935.844001415844
r=0.9576258171352672
noise_std_signal_used=0.004533334802852371
