i=7
Fi=15000
max_F=20000
kc_true=22255.90234375
kappai=376.0206604003906
ac=0.44192734174649934
dt=-1.8057423798509606e-08
fr=751709125.5417291
dphi=-0.559232055385757
phi=1.315982149994876
poly_deg_range=1
eps=-0.017003998031141068
c0_real=0.07557709283301607
c0_imag=-0.036248459029373604
nRange=170.4083478908883
delta_f_max=3856668.609832115
kappa=22631.923010611677
r=0.9833853859132797
noise_std_signal_used=0.0012516067699320577
