i=9
Fi=6000
max_F=20000
kc_true=83888.9140625
kappai=258.6011962890625
ac=0.82555619421669
dt=-8.836376638052669e-08
fr=736047143.9390924
dphi=0.04040786777099403
phi=1.685654907240206
poly_deg_range=1
eps=0.0013025653832275455
c0_real=-0.04341449816509406
c0_imag=0.08174349003171116
nRange=234.3471541050381
delta_f_max=19719730.727693133
kappa=84147.51526640874
r=0.9969268111709536
noise_std_signal_used=0.001583307854511442
