i=87
Fi=2000
max_F=20000
kc_true=10847.2802734375
kappai=33009.16015625
ac=1.0995146508579539
dt=-8.052744315467709e-08
fr=742848462.2797439
dphi=-0.46604410464836504
phi=-1.940776513884855
poly_deg_range=3
eps=-0.024885355986292806
c0_real=0.03218628552465273
c0_imag=-0.06402009077546444
nRange=334.7499021954689
delta_f_max=14680939.498946207
kappa=43856.44148858821
r=0.24733607892605805
noise_std_signal_used=0.00898278384150215
