i=62
Fi=2000
max_F=20000
kc_true=29538.08203125
kappai=1935.5992431640625
ac=0.701687718981837
dt=-1.4464788899299303e-08
fr=750054973.152072
dphi=-0.047134945655794014
phi=2.660641104967719
poly_deg_range=4
eps=-0.019359564922393165
c0_real=0.049248735445432096
c0_imag=0.043999180779382197
nRange=169.7594645619938
delta_f_max=5342955.276683673
kappa=31473.681249345012
r=0.938501022401525
noise_std_signal_used=0.006977899466907904
