i=6
Fi=15000
max_F=20000
kc_true=94404.875
kappai=2530.750244140625
ac=0.6298295211202389
dt=-6.43436053452555e-08
fr=728743989.1643162
dphi=-0.7740213091704149
phi=-3.068550481970492
poly_deg_range=5
eps=0.004798582609360634
c0_real=-0.04230578946813404
c0_imag=-0.004602338975709729
nRange=248.87826240581745
delta_f_max=24125169.99467825
kappa=96935.62531925783
r=0.9738924640871425
noise_std_signal_used=0.003990204569384703
