i=45
Fi=20000
max_F=20000
kc_true=35281.72265625
kappai=18866.396484375
ac=1.5426036431336885
dt=-5.866929067038073e-08
fr=739518744.5325035
dphi=-0.4785200510423091
phi=-2.2842633189218384
poly_deg_range=3
eps=-0.029995050352075562
c0_real=0.08002756274889143
c0_imag=0.011396659981484657
nRange=199.92050687483334
delta_f_max=10825319.246796
kappa=54148.11824968781
r=0.6515780011700298
noise_std_signal_used=0.0049403306422424395
