i=28
Fi=5000
max_F=20000
kc_true=78091.0234375
kappai=75403.828125
ac=1.3949778746634869
dt=-3.196159769177751e-08
fr=750609298.6541129
dphi=-0.3400510609067402
phi=-2.2209458315212034
poly_deg_range=1
eps=-0.020057707997888745
c0_real=-0.04369349489191955
c0_imag=0.060944058566389805
nRange=43.12634936863999
delta_f_max=6619672.707835473
kappa=153494.85418418172
r=0.5087533640951698
noise_std_signal_used=0.001787161522584515
