i=60
Fi=6000
max_F=20000
kc_true=73594.375
kappai=22570.21875
ac=1.0128491532478459
dt=-6.220216661701663e-08
fr=743758477.8924053
dphi=0.6171925283479807
phi=-1.9501505281310207
poly_deg_range=2
eps=-0.0008168344007080108
c0_real=-0.012413625761558017
c0_imag=-0.015793973666044517
nRange=35.063164463689255
delta_f_max=3371834.9804631444
kappa=96164.59415564024
r=0.7652959558160164
noise_std_signal_used=0.00967482525407974
