i=23
Fi=5000
max_F=20000
kc_true=36860.68359375
kappai=216.51638793945312
ac=0.9850382524610186
dt=-9.556325042600601e-08
fr=733809658.5726359
dphi=-0.7837752051831671
phi=3.0538953116955696
poly_deg_range=5
eps=-0.02816313100805466
c0_real=-0.04066151099330415
c0_imag=0.04428785948766591
nRange=246.70729045406443
delta_f_max=9147215.545585813
kappa=37077.199983633946
r=0.9941603899436982
noise_std_signal_used=0.0055779249969742225
