i=86
Fi=5000
max_F=20000
kc_true=80668.09375
kappai=761.6625366210938
ac=0.6627488328035992
dt=-2.4788843078190575e-08
fr=748344313.6374171
dphi=0.1795551081141915
phi=-2.4479606968148167
poly_deg_range=1
eps=-0.019236630804826883
c0_real=0.019085647552964977
c0_imag=0.008646095043124335
nRange=369.8489169797627
delta_f_max=30116707.161971882
kappa=81429.75625806632
r=0.9906463860010526
noise_std_signal_used=0.008085186558619699
