i=3
Fi=5000
max_F=20000
kc_true=58024.7734375
kappai=55599.88671875
ac=1.4989578450583818
dt=-2.574237071998744e-08
fr=750502101.1853406
dphi=-0.08313103741654482
phi=0.7558259029869401
poly_deg_range=4
eps=-0.012549057451498969
c0_real=-0.0013581744290467994
c0_imag=-0.10204759106351698
nRange=169.90022252011207
delta_f_max=19304855.16609883
kappa=113624.66087302272
r=0.5106705973128806
noise_std_signal_used=0.004806447515942399
