i=5
Fi=5000
max_F=20000
kc_true=45562.9921875
kappai=12429.291015625
ac=0.6231571259914853
dt=-7.897154144573354e-08
fr=746164659.7735869
dphi=-0.41909923926400156
phi=0.8119566232068363
poly_deg_range=1
eps=0.006962104117336741
c0_real=0.017560580676997072
c0_imag=-0.05335498284303212
nRange=69.37339054477901
delta_f_max=4023121.3052377026
kappa=57992.283116692495
r=0.7856733644339854
noise_std_signal_used=0.0046303339408574895
