i=72
Fi=15000
max_F=20000
kc_true=22921.330078125
kappai=437.84967041015625
ac=1.1053066904950246
dt=-2.5819215248458997e-08
fr=740367656.6405494
dphi=-0.06302552313279242
phi=-0.884439628230921
poly_deg_range=1
eps=-0.01467132354785641
c0_real=0.013586828821707989
c0_imag=-0.01110235457997977
nRange=248.58581667193235
delta_f_max=5806760.776427073
kappa=23359.17975598127
r=0.9812557768538874
noise_std_signal_used=0.0013118751300799792
