i=36
Fi=10000
max_F=20000
kc_true=28395.552734375
kappai=4614.19384765625
ac=0.44707202302116344
dt=-1.6893161732447435e-08
fr=745591574.2415005
dphi=-0.3024729684055038
phi=-0.4580970043375099
poly_deg_range=4
eps=0.021841829968763687
c0_real=-0.020507180738566572
c0_imag=-0.0035824750102254835
nRange=382.0115741645373
delta_f_max=12610105.24251476
kappa=33009.74655046296
r=0.8602172298101681
noise_std_signal_used=0.00582745845368614
