i=34
Fi=20000
max_F=20000
kc_true=35916.96875
kappai=196.6892547607422
ac=0.6221128168987973
dt=-1.7722760302378648e-09
fr=742441887.2276888
dphi=-0.650369055732458
phi=0.3960449007017304
poly_deg_range=1
eps=0.004265394512507417
c0_real=0.04280714985551529
c0_imag=0.06837850832511787
nRange=197.95543332440974
delta_f_max=7148894.818709196
kappa=36113.65800196842
r=0.9945536048450784
noise_std_signal_used=0.003005848910643618
