i=83
Fi=10000
max_F=20000
kc_true=34468.46484375
kappai=8789.3037109375
ac=1.327173405557039
dt=-6.190498546951119e-08
fr=734352363.0788103
dphi=-0.6447476413100799
phi=-0.2590229681137117
poly_deg_range=1
eps=-0.013187073594262098
c0_real=-0.07191131851492777
c0_imag=-0.014421308352732573
nRange=140.31613660149335
delta_f_max=6069762.911024921
kappa=43257.76819428423
r=0.796815607521435
noise_std_signal_used=0.009340256135395457
