i=22
Fi=15000
max_F=20000
kc_true=17332.6796875
kappai=163.40020751953125
ac=0.47719056198955756
dt=-5.365945903347991e-08
fr=730491716.8913344
dphi=0.5218299410241225
phi=-0.9930138965864255
poly_deg_range=2
eps=0.02027323001679736
c0_real=0.07568632328926427
c0_imag=-0.04718810253484962
nRange=231.11957639503643
delta_f_max=4043686.575474364
kappa=17496.07990178545
r=0.9906607528541993
noise_std_signal_used=0.0017558159438093525
