i=50
Fi=20000
max_F=20000
kc_true=11194.294921875
kappai=67141.3984375
ac=0.7984131129940215
dt=-8.3579160215533e-08
fr=746172127.8131593
dphi=-0.4551609777328271
phi=-0.6013406711880727
poly_deg_range=1
eps=-0.004514379316022988
c0_real=0.03462847371996291
c0_imag=-0.040624886938475935
nRange=158.67254536923932
delta_f_max=12429723.267005328
kappa=78335.68963099894
r=0.1429015940831802
noise_std_signal_used=0.0045537401880702925
