i=1
Fi=5000
max_F=20000
kc_true=28938.353515625
kappai=692.2381591796875
ac=0.5763990106456086
dt=-2.5659698855772417e-08
fr=746105100.4289289
dphi=-0.10932779389468672
phi=-0.13776497106316787
poly_deg_range=4
eps=-0.0022510529451096155
c0_real=0.07105817110929051
c0_imag=0.006457890003463649
nRange=162.96513609326246
delta_f_max=4828753.409599758
kappa=29630.59170420559
r=0.9766377197090418
noise_std_signal_used=0.008183830670726214
