i=73
Fi=5000
max_F=20000
kc_true=65272.26171875
kappai=119.91062927246094
ac=0.47901467099220363
dt=-5.156115441036325e-08
fr=750950245.8630139
dphi=0.2823920048806423
phi=0.004246865154696522
poly_deg_range=5
eps=-0.026659968852632537
c0_real=0.010463746192928797
c0_imag=0.020125394477223314
nRange=350.11906339525876
delta_f_max=22895046.137182668
kappa=65392.17235176891
r=0.9981662846070648
noise_std_signal_used=0.00536767098002811
