i=30
Fi=6000
max_F=20000
kc_true=13826.453125
kappai=6026.63134765625
ac=0.5473928386098915
dt=-3.122971104889735e-08
fr=742598101.4641211
dphi=0.6542364060503136
phi=2.236416356425603
poly_deg_range=2
eps=-0.027088655585127606
c0_real=-0.0039524967688250616
c0_imag=0.019412223379019527
nRange=323.76040055453507
delta_f_max=6427642.502114121
kappa=19853.08422866073
r=0.6964385465629347
noise_std_signal_used=0.009505065903344781
