i=95
Fi=5000
max_F=20000
kc_true=51545.3125
kappai=54240.0625
ac=0.6883555447887073
dt=-8.362690026896099e-08
fr=749987992.731799
dphi=0.15213436906387467
phi=0.5204972357281763
poly_deg_range=2
eps=-0.014323693537676783
c0_real=-0.012986515862655085
c0_imag=0.014213432094094368
nRange=221.37865006080045
delta_f_max=23418623.922616582
kappa=105785.37684724694
r=0.487263117419631
noise_std_signal_used=0.0009768146792979648
