i=20
Fi=20000
max_F=20000
kc_true=70353.6953125
kappai=811.3980102539062
ac=0.44134507843983045
dt=-2.3916692399141548e-08
fr=740741096.7499751
dphi=0.5655083954042548
phi=2.7239748859690476
poly_deg_range=5
eps=-0.008432712673714971
c0_real=-0.015054331773613629
c0_imag=-0.07750385253257713
nRange=372.5807340549097
delta_f_max=26514742.717543073
kappa=71165.09334493773
r=0.9885983704327502
noise_std_signal_used=0.004941302416540822
