i=17
Fi=15000
max_F=20000
kc_true=68739.40625
kappai=4370.93798828125
ac=0.3737412323941273
dt=-6.270257249009202e-08
fr=728255607.2509364
dphi=0.600914042414888
phi=-0.9422210053439559
poly_deg_range=1
eps=0.02667167754569595
c0_real=0.04296853659113335
c0_imag=-0.043053673095283115
nRange=222.6394956516199
delta_f_max=16277250.191816801
kappa=73110.34434468442
r=0.9402145054319907
noise_std_signal_used=0.0049140519873378695
