i=66
Fi=10000
max_F=20000
kc_true=49126.625
kappai=777.4811401367188
ac=1.4785207113242829
dt=-9.112389512125195e-08
fr=740729536.9393742
dphi=-0.4285376203803383
phi=-0.7823334165430258
poly_deg_range=3
eps=0.018334038306868944
c0_real=-0.06781995404277173
c0_imag=-0.0382484853193454
nRange=161.0389006195059
delta_f_max=8036502.389094478
kappa=49904.10613943954
r=0.9844204976386685
noise_std_signal_used=0.0034860898895955053
