i=97
Fi=20000
max_F=20000
kc_true=24369.025390625
kappai=28424.20703125
ac=0.6621168990064555
dt=-5.7768498719982715e-08
fr=737216824.3011645
dphi=0.2852205623163335
phi=2.549707049671028
poly_deg_range=3
eps=-0.01960428704628414
c0_real=-0.026546269226706273
c0_imag=-0.012613956502833788
nRange=309.646005371545
delta_f_max=16347213.80250178
kappa=52793.23330164301
r=0.46159372833613876
noise_std_signal_used=0.0024510435983585567
