i=85
Fi=20000
max_F=20000
kc_true=11228.9931640625
kappai=1670.2711181640625
ac=0.31996895103168543
dt=-3.056439122699992e-08
fr=733388551.6996461
dphi=-0.31431218675111294
phi=-2.3642706127055577
poly_deg_range=1
eps=-0.01891038881026859
c0_real=-0.07361343669667508
c0_imag=0.06126036672155736
nRange=379.85245984257904
delta_f_max=4899817.251792086
kappa=12899.264240180783
r=0.8705142367023195
noise_std_signal_used=0.003226832019989554
