i=32
Fi=15000
max_F=20000
kc_true=25759.55078125
kappai=44812.03125
ac=0.7720705803223981
dt=-2.0490572602747087e-08
fr=736360856.3407805
dphi=0.46770646372042735
phi=1.6995182100754151
poly_deg_range=1
eps=0.01868207809598422
c0_real=-0.0482661874670964
c0_imag=0.0866152261026536
nRange=392.2229811238197
delta_f_max=27679796.382144168
kappa=70571.58227402798
r=0.36501308247881137
noise_std_signal_used=0.0010972821107121367
