i=48
Fi=20000
max_F=20000
kc_true=22756.80859375
kappai=3910.4306640625
ac=0.564007504262886
dt=-3.911185603569167e-08
fr=730201098.0636541
dphi=-0.12900776182815632
phi=1.439770134648155
poly_deg_range=4
eps=-0.01360616976524762
c0_real=-0.000631428684208887
c0_imag=0.05813205296183175
nRange=46.13297071465094
delta_f_max=1230238.9719894915
kappa=26667.23935033283
r=0.8533619957727636
noise_std_signal_used=0.00019065993034664386
