i=99
Fi=2000
max_F=20000
kc_true=52954.5625
kappai=78580.3046875
ac=0.8554269647568202
dt=-8.856810793835091e-08
fr=744895332.7417146
dphi=0.47710711932805494
phi=1.2128220669401673
poly_deg_range=2
eps=0.005866308747247549
c0_real=0.004332517780076628
c0_imag=0.045239612651949014
nRange=94.17551493388945
delta_f_max=12387363.483501982
kappa=131534.8633049453
r=0.40258955815563674
noise_std_signal_used=0.0017599481390910966
