i=10
Fi=6000
max_F=20000
kc_true=49397.5078125
kappai=1456.9793701171875
ac=0.3872400162630187
dt=-7.550411339706758e-08
fr=751349328.034092
dphi=0.5927139238894694
phi=-1.4459802116195375
poly_deg_range=4
eps=0.021546585088708055
c0_real=0.08521301123272566
c0_imag=0.09587670176615455
nRange=72.18694036112527
delta_f_max=3671029.8311430495
kappa=50854.48715208332
r=0.9713500337693676
noise_std_signal_used=0.00038690896189466753
