i=57
Fi=20000
max_F=20000
kc_true=14097.232421875
kappai=106.50965881347656
ac=0.6925083899551356
dt=-5.96606450200245e-09
fr=728769812.6223354
dphi=-0.19791384091772013
phi=-1.9720467973109144
poly_deg_range=5
eps=0.005123634315921048
c0_real=-0.005583734256475262
c0_imag=0.054981284221383875
nRange=225.3324906458338
delta_f_max=3200564.5799162225
kappa=14203.742082391074
r=0.9925012957924575
noise_std_signal_used=0.003743353192762774
