i=46
Fi=5000
max_F=20000
kc_true=14288.5166015625
kappai=27895.724609375
ac=0.5726286355187461
dt=-8.083399364209018e-08
fr=729097031.5170581
dphi=0.6555420173469564
phi=2.453855804804557
poly_deg_range=3
eps=0.02977433921281617
c0_real=0.01352635102314867
c0_imag=0.03580861850629726
nRange=88.32941515327788
delta_f_max=3726109.3380844654
kappa=42184.24102116554
r=0.3387169297272262
noise_std_signal_used=0.00785002502699539
