i=18
Fi=15000
max_F=20000
kc_true=28308.76953125
kappai=37882.15625
ac=1.502579438466772
dt=-5.677202117304468e-08
fr=747146276.0790529
dphi=-0.5234317697296957
phi=2.2235299262660213
poly_deg_range=5
eps=-0.02955785926643023
c0_real=-2.9252937694846206e-05
c0_imag=-0.03401105454588104
nRange=325.7748393575198
delta_f_max=21563337.954659406
kappa=66190.92498728805
r=0.4276835462971199
noise_std_signal_used=0.00043359645288752025
