i=0
Fi=2000
max_F=20000
kc_true=18510.4765625
kappai=228.720947265625
ac=1.1831224103413562
dt=-3.3524598122053505e-08
fr=736618379.9348192
dphi=0.779506827605849
phi=1.574107108010936
poly_deg_range=4
eps=-0.006050728500875922
c0_real=-0.08175814367185678
c0_imag=-0.042249541901825366
nRange=370.85613468466505
delta_f_max=6949546.354585249
kappa=18739.197507125973
r=0.9877945176393494
noise_std_signal_used=0.0019852811630483337
