i=71
Fi=6000
max_F=20000
kc_true=37284.84375
kappai=338.39520263671875
ac=1.3876287517595363
dt=-6.216168255752513e-08
fr=747923720.2027935
dphi=0.15163884813297013
phi=-2.5673753373186745
poly_deg_range=2
eps=-0.01718612227674339
c0_real=0.011686711004945019
c0_imag=-0.020202520884370266
nRange=292.87843849733775
delta_f_max=11019035.473514011
kappa=37623.23894530793
r=0.9910056867831116
noise_std_signal_used=0.00663255352809721
