i=67
Fi=15000
max_F=20000
kc_true=18029.95703125
kappai=1385.5640869140625
ac=1.787358423739103
dt=-9.570041048432638e-08
fr=732545949.6710155
dphi=-0.3253456356635106
phi=1.5462128838585887
poly_deg_range=2
eps=-0.001517375339934613
c0_real=0.014727942569125688
c0_imag=-0.02198412898656627
nRange=99.94218358608308
delta_f_max=1940429.5805215426
kappa=19415.521163295325
r=0.9286362637195282
noise_std_signal_used=0.004647471556885461
