i=89
Fi=5000
max_F=20000
kc_true=33696.8828125
kappai=123.53044891357422
ac=0.4894837613861359
dt=-4.7366882462692646e-08
fr=751487021.2016487
dphi=0.604969509756367
phi=2.0111458595803846
poly_deg_range=4
eps=0.016057935503924384
c0_real=-0.03407799630294426
c0_imag=0.016861381943669682
nRange=95.65000217733319
delta_f_max=3234922.601986674
kappa=33820.41326030701
r=0.9963474589486465
noise_std_signal_used=0.0006973421082646836
