i=26
Fi=15000
max_F=20000
kc_true=95303.953125
kappai=796.3242797851562
ac=0.45938396991555264
dt=-7.951725358793228e-08
fr=733780041.9916812
dphi=-0.08611377319201663
phi=-2.097762588921089
poly_deg_range=4
eps=0.013272150825466435
c0_real=-0.01720621817762406
c0_imag=-0.03313392236960946
nRange=348.2723742704856
delta_f_max=33469071.789321415
kappa=96100.27743207583
r=0.99171361073709
noise_std_signal_used=0.008000871024225347
