i=84
Fi=20000
max_F=20000
kc_true=12141.3779296875
kappai=97048.859375
ac=0.37553522396515887
dt=-7.113228364770283e-08
fr=749367248.6047454
dphi=0.09277161575378401
phi=3.138846423577938
poly_deg_range=2
eps=0.016264141130796265
c0_real=-0.008889861369631283
c0_imag=0.03505290671366093
nRange=353.31028949602876
delta_f_max=38578034.19928883
kappa=109190.2368717242
r=0.11119472104407184
noise_std_signal_used=0.0010416005735073319
