i=91
Fi=15000
max_F=20000
kc_true=16598.728515625
kappai=209.8297882080078
ac=0.908973116039026
dt=-4.6361375274543976e-08
fr=733465783.9877776
dphi=0.6444488353082387
phi=2.3943861842879013
poly_deg_range=2
eps=-0.009033222102855037
c0_real=-0.055404003000367075
c0_imag=0.07606436505670172
nRange=393.1902595823233
delta_f_max=6608961.403298969
kappa=16808.558305385064
r=0.9875164909477787
noise_std_signal_used=0.005391930816607255
