i=41
Fi=15000
max_F=20000
kc_true=28827.529296875
kappai=37613.3515625
ac=0.30608117532223933
dt=-8.445905735420627e-08
fr=738861169.1234506
dphi=-0.30888881024944287
phi=1.9910016395385943
poly_deg_range=4
eps=0.01140239594955763
c0_real=0.012103323439220425
c0_imag=-0.04113650746872833
nRange=314.0623040881739
delta_f_max=20866576.010641515
kappa=66440.88048460335
r=0.4338824092428356
noise_std_signal_used=0.007254789221573399
