i=29
Fi=2000
max_F=20000
kc_true=50970.46875
kappai=1130.9566650390625
ac=1.7595511973522149
dt=-7.684640412518254e-08
fr=742400413.6198332
dphi=0.5669959396302209
phi=-0.453754322027506
poly_deg_range=3
eps=-0.005588947561183093
c0_real=-0.09877347885681453
c0_imag=-0.04284270621809997
nRange=308.3633095150759
delta_f_max=16066167.978704974
kappa=52101.425438617225
r=0.9782931718451802
noise_std_signal_used=0.0033599489331585255
