i=40
Fi=10000
max_F=20000
kc_true=36983.87890625
kappai=5019.17431640625
ac=0.39618244342759457
dt=-2.224944882666723e-08
fr=738674542.6431128
dphi=-0.37779298865594696
phi=0.8639098584275455
poly_deg_range=5
eps=-0.00026451262866638084
c0_real=-0.03849952730076897
c0_imag=-0.008689894967569245
nRange=356.4744691765199
delta_f_max=14973016.05994442
kappa=42003.0531065327
r=0.8805045388592937
noise_std_signal_used=0.006838816332383604
