i=43
Fi=5000
max_F=20000
kc_true=15655.01953125
kappai=36538.14453125
ac=0.9442639968992406
dt=-2.3154386938543496e-09
fr=738891139.4179215
dphi=0.20624011786941876
phi=2.863190549136089
poly_deg_range=5
eps=0.0055714041753915505
c0_real=-0.0116304800403422
c0_imag=0.014651654934418315
nRange=134.78081318861825
delta_f_max=7034636.989342685
kappa=52193.163276868654
r=0.29994387288244906
noise_std_signal_used=0.0020837919193226187
