i=63
Fi=20000
max_F=20000
kc_true=91653.0390625
kappai=429.8864440917969
ac=1.4847362924535188
dt=-7.200652229902437e-08
fr=736078831.2865335
dphi=0.5001846087255217
phi=-1.56964027272897
poly_deg_range=4
eps=-0.01831208515844724
c0_real=-0.05963512695389082
c0_imag=-0.05117853453944004
nRange=221.50342400857883
delta_f_max=20396683.295524627
kappa=92082.9255205313
r=0.9953315291016092
noise_std_signal_used=0.008280474694938774
