i=39
Fi=2000
max_F=20000
kc_true=39387.9609375
kappai=296.44415283203125
ac=1.3639951506708774
dt=-4.1735550417614606e-08
fr=742388325.7493557
dphi=-0.1624845860208718
phi=-1.0610276662103124
poly_deg_range=2
eps=0.005587235774512284
c0_real=-0.012710373840816686
c0_imag=0.07948599235664668
nRange=57.569814192104346
delta_f_max=2284623.8272374873
kappa=39684.405087950094
r=0.9925299585619817
noise_std_signal_used=0.008827455580791803
