i=98
Fi=10000
max_F=20000
kc_true=12455.0439453125
kappai=496.1404724121094
ac=0.5564170830917137
dt=-1.3525197224235492e-08
fr=751283559.6599786
dphi=0.4302978814228433
phi=-2.965541339359731
poly_deg_range=4
eps=0.00912269545278227
c0_real=-0.05100279384370661
c0_imag=-0.01647677753838153
nRange=105.23962599699495
delta_f_max=1362977.8037226836
kappa=12951.18441186405
r=0.9616914985708137
noise_std_signal_used=0.003927609283359486
