i=31
Fi=20000
max_F=20000
kc_true=13306.4072265625
kappai=458.99920654296875
ac=0.30440148953706453
dt=-2.1413283236276428e-08
fr=740086279.9932139
dphi=0.716912050347877
phi=-1.0178104055259944
poly_deg_range=5
eps=0.0007082402969884501
c0_real=0.03564841694201176
c0_imag=0.03936991949648889
nRange=104.06484286439944
delta_f_max=1432494.8577549518
kappa=13765.406436269246
r=0.9666556006296065
noise_std_signal_used=0.008268563193596683
