i=59
Fi=5000
max_F=20000
kc_true=28849.56640625
kappai=493.93328857421875
ac=0.7621685351951093
dt=-1.2745864000362487e-08
fr=751113906.4611597
dphi=-0.01333270316309254
phi=1.825874180154675
poly_deg_range=2
eps=-0.02535863374676519
c0_real=-0.05506578906569479
c0_imag=0.06213289446806868
nRange=309.68352517310933
delta_f_max=9087198.43112436
kappa=29343.49971004988
r=0.9831671985727486
noise_std_signal_used=0.004109675805716092
