i=96
Fi=2000
max_F=20000
kc_true=47985.06640625
kappai=3400.19189453125
ac=1.4862972778348023
dt=-4.9324119784916554e-08
fr=745777948.976028
dphi=0.289190785322027
phi=-1.8849497030568318
poly_deg_range=3
eps=-0.014754837206890421
c0_real=-0.06730537771256144
c0_imag=0.058557971279189075
nRange=318.74758514289573
delta_f_max=16378927.013245048
kappa=51385.258357023515
r=0.933829427748537
noise_std_signal_used=0.003141772737589574
