i=68
Fi=2000
max_F=20000
kc_true=33218.26953125
kappai=139.52049255371094
ac=0.7190358980498294
dt=-2.3145242666878162e-08
fr=741495005.161655
dphi=0.005795892610707898
phi=0.35775741948273465
poly_deg_range=3
eps=-0.016048885637834746
c0_real=-0.010742857059393112
c0_imag=-0.02169115261476108
nRange=304.422447907653
delta_f_max=10154860.0949037
kappa=33357.790020741806
r=0.9958174540518107
noise_std_signal_used=0.00043424806322034273
