i=13
Fi=6000
max_F=20000
kc_true=53558.625
kappai=261.0437927246094
ac=0.38601849411316613
dt=-3.636884451408561e-08
fr=749515407.9252441
dphi=-0.26033087827826373
phi=1.535585165849728
poly_deg_range=5
eps=0.02921405445576132
c0_real=-0.051896254452576
c0_imag=-0.040572748000953854
nRange=190.38023697288466
delta_f_max=10246201.296114026
kappa=53819.66877987112
r=0.995149658372317
noise_std_signal_used=0.004613804455741462
