i=8
Fi=2000
max_F=20000
kc_true=47867.5078125
kappai=139.6886444091797
ac=0.9921344988922327
dt=-7.281601221508144e-08
fr=734220418.7782623
dphi=0.12692673923829167
phi=-2.5555525580064735
poly_deg_range=4
eps=-0.00030044971657708364
c0_real=-0.0237053466349343
c0_imag=0.008201039016985429
nRange=194.58672233036978
delta_f_max=9341563.006349752
kappa=48007.19645449203
r=0.9970902562051411
noise_std_signal_used=0.004479599097514223
