i=44
Fi=10000
max_F=20000
kc_true=30720.328125
kappai=21885.794921875
ac=0.7134047784157433
dt=-7.982590086727462e-08
fr=747134686.7684723
dphi=-0.24226859605717133
phi=-1.2914746194012763
poly_deg_range=2
eps=0.018579739424200797
c0_real=-0.026835555032087316
c0_imag=0.05582750619394079
nRange=323.63574068005425
delta_f_max=17025221.5321409
kappa=52606.12284776052
r=0.5839686801078857
noise_std_signal_used=0.0063765690441872445
