i=12
Fi=10000
max_F=20000
kc_true=74489.4375
kappai=48205.34375
ac=0.6052652669677717
dt=-1.529815326406495e-08
fr=744474300.9641544
dphi=-0.2954655771584563
phi=0.7692062172960794
poly_deg_range=1
eps=0.021611738500152265
c0_real=0.008392535151230247
c0_imag=0.04466920258111503
nRange=34.15271738909811
delta_f_max=4190360.1592510464
kappa=122694.78037459624
r=0.6071117065663122
noise_std_signal_used=0.006116528734358856
