i=52
Fi=10000
max_F=20000
kc_true=11003.7294921875
kappai=5677.84716796875
ac=0.6812291208714005
dt=-2.336492022484839e-08
fr=733568573.6445596
dphi=0.7632763430331779
phi=-0.311754697824866
poly_deg_range=3
eps=-0.024834408040108162
c0_real=-0.14420401020215015
c0_imag=-0.0011729065932044635
nRange=317.9423091389002
delta_f_max=5303779.015647946
kappa=16681.576698654695
r=0.6596336599929975
noise_std_signal_used=0.008834389949312741
