i=55
Fi=20000
max_F=20000
kc_true=59582.34765625
kappai=41088.8046875
ac=0.857388391804909
dt=-5.662194235143303e-08
fr=732116038.8631266
dphi=0.5355942074035853
phi=-3.141467943652649
poly_deg_range=5
eps=-0.0014290294058273215
c0_real=0.03837872079373437
c0_imag=-0.028935032172426406
nRange=48.045521963114325
delta_f_max=4836798.109189762
kappa=100671.15334709207
r=0.5918512471077303
noise_std_signal_used=0.006687786553892405
