i=54
Fi=15000
max_F=20000
kc_true=28692.525390625
kappai=100.4287109375
ac=1.0219873947994422
dt=-7.020876693954986e-08
fr=738226399.829643
dphi=-0.5580652539809803
phi=1.5226040184923555
poly_deg_range=1
eps=0.011388763720490858
c0_real=-0.0009338003571362528
c0_imag=0.08576433546002141
nRange=123.53426634874171
delta_f_max=3556916.461139831
kappa=28792.95410310308
r=0.9965120386008862
noise_std_signal_used=0.003187752093858155
