i=79
Fi=6000
max_F=20000
kc_true=30686.380859375
kappai=79651.34375
ac=0.9002277992298843
dt=-9.898434348086698e-08
fr=745147396.6936816
dphi=-0.5201913550558162
phi=1.594930991477506
poly_deg_range=4
eps=0.017741871657043877
c0_real=-0.02598541780866652
c0_imag=0.14325743822796105
nRange=135.8926280944525
delta_f_max=14994083.553037524
kappa=110337.72591855277
r=0.27811322558910223
noise_std_signal_used=0.007746569626439084
