i=69
Fi=15000
max_F=20000
kc_true=77531.1640625
kappai=8963.4208984375
ac=1.2857853493432998
dt=-6.261713494712964e-08
fr=738994566.4173318
dphi=-0.03432396855429287
phi=-0.5521755234516776
poly_deg_range=5
eps=-0.026176068686322718
c0_real=0.15462059342212722
c0_imag=-0.06658507238535312
nRange=102.43316502552567
delta_f_max=8859914.057119273
kappa=86494.58458997573
r=0.8963701534614394
noise_std_signal_used=0.008397227040795012
