i=80
Fi=6000
max_F=20000
kc_true=32367.095703125
kappai=115.42278289794922
ac=1.1800287266628173
dt=-1.4136512497784289e-09
fr=742453677.6512777
dphi=-0.35167175781695975
phi=0.8207216153624199
poly_deg_range=1
eps=0.02776123000443352
c0_real=-0.007521321812508291
c0_imag=0.010435495799467133
nRange=368.9948368660332
delta_f_max=11985881.610567829
kappa=32482.518488244885
r=0.9964466183506783
noise_std_signal_used=0.00979298418553959
