i=82
Fi=6000
max_F=20000
kc_true=11216.9541015625
kappai=1324.8057861328125
ac=1.308582627479301
dt=-2.418329890307746e-08
fr=746728175.3184739
dphi=0.09630460570082366
phi=-3.0035157995116126
poly_deg_range=1
eps=-0.0028933678534896583
c0_real=0.032812024953903805
c0_imag=-0.06359606152225407
nRange=80.57818310075206
delta_f_max=1010592.2211523042
kappa=12541.759844456856
r=0.894368433192421
noise_std_signal_used=0.00816934742949825
