i=74
Fi=10000
max_F=20000
kc_true=15560.4677734375
kappai=21266.61328125
ac=0.8262719068660975
dt=-9.757596245018365e-08
fr=732672658.9333808
dphi=0.7455775568870182
phi=2.9292244074353277
poly_deg_range=3
eps=-0.010231928595577935
c0_real=0.09763982596699272
c0_imag=-0.013939501961413664
nRange=211.12941017883344
delta_f_max=7775280.064469912
kappa=36827.081825710586
r=0.4225278518422837
noise_std_signal_used=0.00696405609057381
