i=75
Fi=5000
max_F=20000
kc_true=25936.2109375
kappai=15208.900390625
ac=0.7119761463742961
dt=-9.482087991243383e-08
fr=737940246.4124928
dphi=0.5733728451620395
phi=0.4108666269694483
poly_deg_range=4
eps=-0.006499523573609053
c0_real=0.06419695201023279
c0_imag=0.09931190898839927
nRange=382.6608949039056
delta_f_max=15744625.219259072
kappa=41145.11158296665
r=0.630359475030252
noise_std_signal_used=0.0053309863216723695
