i=42
Fi=15000
max_F=20000
kc_true=98648.6796875
kappai=562.2183227539062
ac=0.3393147705834729
dt=-4.129519315456216e-08
fr=747729625.9343963
dphi=-0.007833060035547956
phi=-2.587315809274462
poly_deg_range=1
eps=0.006107154071726864
c0_real=-0.011056054789881175
c0_imag=0.048543825352245246
nRange=45.19977898172088
delta_f_max=4484310.663200178
kappa=99210.89802261347
r=0.9943330990211849
noise_std_signal_used=0.0035047444193161414
