i=11
Fi=5000
max_F=20000
kc_true=11949.673828125
kappai=5979.673828125
ac=0.8561644829435828
dt=-9.656220712441184e-08
fr=747801250.9024242
dphi=-0.7437589233185804
phi=-0.3092126027940818
poly_deg_range=4
eps=0.0028437061800953498
c0_real=-0.024605876437142238
c0_imag=-0.026184341673955416
nRange=290.45389291548776
delta_f_max=5207648.767169448
kappa=17929.34745992438
r=0.666486823061178
noise_std_signal_used=0.0002626586728971392
