i=38
Fi=10000
max_F=20000
kc_true=67729.1171875
kappai=4934.7099609375
ac=0.39291109617904996
dt=-8.595269259698498e-08
fr=732414419.3914967
dphi=0.11039277885868859
phi=0.2441240022569291
poly_deg_range=5
eps=-0.01708170383907364
c0_real=-0.057168595335635286
c0_imag=-0.00427439567070684
nRange=43.62739653998204
delta_f_max=3170133.606540593
kappa=72663.82727274008
r=0.9320884920261923
noise_std_signal_used=0.0018179939908086772
