i=15
Fi=20000
max_F=20000
kc_true=89216.2265625
kappai=5415.76416015625
ac=0.722911496699745
dt=-8.019563197780995e-08
fr=728741486.3259937
dphi=-0.46389854328911506
phi=-2.5776062948585947
poly_deg_range=3
eps=-0.010382518066901127
c0_real=-0.12260542461872154
c0_imag=0.07519856313347553
nRange=207.10858295744694
delta_f_max=19599097.51111684
kappa=94631.99077144823
r=0.9427702601963834
noise_std_signal_used=0.004494893255543202
