i=24
Fi=2000
max_F=20000
kc_true=15418.6728515625
kappai=33623.52734375
ac=0.36512170850210895
dt=-2.9773801040028188e-08
fr=736400528.0304122
dphi=-0.0772194938592029
phi=2.7722328975180375
poly_deg_range=5
eps=-0.005549494852836668
c0_real=-0.05629426620237565
c0_imag=0.04602965584611721
nRange=193.09639126112197
delta_f_max=9469872.167237176
kappa=49042.201697240314
r=0.3143960164502593
noise_std_signal_used=0.009377225860665066
