i=2
Fi=5000
max_F=20000
kc_true=15947.0302734375
kappai=472.8636474609375
ac=0.4955627806822032
dt=-7.277560017264949e-08
fr=748622932.8304985
dphi=-0.7660971765078258
phi=1.6842712086323397
poly_deg_range=5
eps=0.022584011281840767
c0_real=-0.0031900040166029167
c0_imag=0.03086864820817989
nRange=57.37869364054452
delta_f_max=942152.0623365917
kappa=16419.893911123396
r=0.9712017848443246
noise_std_signal_used=0.005941556951961612
