i=88
Fi=10000
max_F=20000
kc_true=20094.27734375
kappai=54760.26171875
ac=0.40351741574529965
dt=-9.473491707810769e-08
fr=732742287.8572754
dphi=0.37236012241459515
phi=-2.4941435407164474
poly_deg_range=5
eps=0.008524592755318354
c0_real=0.002594092027767162
c0_imag=-0.04798703440377142
nRange=56.921149198674755
delta_f_max=4260806.4597574
kappa=74854.54035521476
r=0.2684443354857916
noise_std_signal_used=0.0019510898214419382
