i=35
Fi=5000
max_F=20000
kc_true=55124.66796875
kappai=1465.791015625
ac=0.6497645674223924
dt=-7.651500469426363e-08
fr=732256847.8006718
dphi=-0.41459274754213515
phi=-0.7590336148236192
poly_deg_range=4
eps=-0.029167357723133513
c0_real=0.03885909975244505
c0_imag=-0.06531309489744395
nRange=217.79387330458445
delta_f_max=12325055.267113417
kappa=56590.45904324794
r=0.9740982649853089
noise_std_signal_used=0.003666640192295733
