i=49
Fi=6000
max_F=20000
kc_true=60794.5625
kappai=3354.387451171875
ac=0.5215788427328817
dt=-6.24780354550368e-08
fr=736811129.1785493
dphi=-0.7512462597275428
phi=-2.4327444023095395
poly_deg_range=3
eps=-0.02136918152444621
c0_real=-0.0368794516665713
c0_imag=-0.03591484600113163
nRange=385.8265247554665
delta_f_max=24750366.408918377
kappa=64148.94990593232
r=0.9477093949183708
noise_std_signal_used=0.0021815693600436437
