i=4
Fi=6000
max_F=20000
kc_true=82881.375
kappai=1120.5404052734375
ac=0.6420339076347563
dt=-7.019659042524826e-08
fr=740942513.7622163
dphi=-0.6719179151939976
phi=-2.562617457991616
poly_deg_range=3
eps=0.006795156929918278
c0_real=0.08833096314869854
c0_imag=0.023000794071774706
nRange=85.14079762814441
delta_f_max=7151990.081189427
kappa=84001.91542045458
r=0.9866605372645857
noise_std_signal_used=0.009264409497196528
