i=37
Fi=6000
max_F=20000
kc_true=14316.4716796875
kappai=807.8399658203125
ac=0.6603164657398997
dt=-2.2343872418979054e-08
fr=740296242.9206803
dphi=-0.06319784272005502
phi=-0.8712876113892194
poly_deg_range=2
eps=-0.012939498744661576
c0_real=0.07629595397309202
c0_imag=0.0333658925295117
nRange=264.6447112816161
delta_f_max=4002569.094465991
kappa=15124.311667074055
r=0.9465866609225437
noise_std_signal_used=0.007724554076875608
