i=53
Fi=15000
max_F=20000
kc_true=30028.193359375
kappai=7320.48828125
ac=0.7347519903875497
dt=-8.055064888135897e-08
fr=747922506.8897698
dphi=-0.09175204528436165
phi=-1.161081311401338
poly_deg_range=2
eps=-0.014355927863819236
c0_real=0.018968774585143306
c0_imag=-0.013619469575059693
nRange=256.0629681923143
delta_f_max=9563614.2950946
kappa=37348.68170360313
r=0.8039960713386598
noise_std_signal_used=0.0033453008128366446
