i=47
Fi=10000
max_F=20000
kc_true=14104.857421875
kappai=2311.14013671875
ac=1.7801563131210312
dt=-7.98512006298426e-08
fr=739382482.3821808
dphi=-0.4852566153052101
phi=0.5391424634131141
poly_deg_range=1
eps=-0.00022232487704830495
c0_real=0.006188204101809115
c0_imag=-0.11878530049216314
nRange=271.7615173614755
delta_f_max=4461236.414365948
kappa=16415.997591123127
r=0.8592141503177446
noise_std_signal_used=0.0019009979147881705
