i=27
Fi=10000
max_F=20000
kc_true=18595.537109375
kappai=32872.3125
ac=0.5612274618485446
dt=-7.360650403191563e-08
fr=737592186.9729964
dphi=-0.2708584244922201
phi=-2.524516250627948
poly_deg_range=1
eps=-0.005609768755746609
c0_real=0.07424726543732262
c0_imag=0.05256548816231679
nRange=104.09432716421792
delta_f_max=5357511.005115021
kappa=51467.84797084166
r=0.3613039565965537
noise_std_signal_used=0.00717676620822961
