i=61
Fi=15000
max_F=20000
kc_true=69192.8515625
kappai=13624.0830078125
ac=0.3674018886291663
dt=-4.6765155788056765e-08
fr=729965033.466612
dphi=-0.0761209932290251
phi=-2.8159581152792286
poly_deg_range=5
eps=-0.010945745440473408
c0_real=-0.025166482020611475
c0_imag=-0.03543552766331031
nRange=156.8201000340243
delta_f_max=12987359.981706532
kappa=82816.93468432136
r=0.8354915794245084
noise_std_signal_used=0.002063715988770283
