i=25
Fi=15000
max_F=20000
kc_true=26761.1875
kappai=7302.44287109375
ac=1.0744909743090203
dt=-3.3478259459272994e-08
fr=741102204.025359
dphi=0.615980367394459
phi=2.327894670305839
poly_deg_range=2
eps=0.025211021842862794
c0_real=0.02697312712752032
c0_imag=-0.006400623666298237
nRange=370.27799630485794
delta_f_max=12613012.859913612
kappa=34063.63053107008
r=0.7856234665177753
noise_std_signal_used=0.0025131443163017965
