i=33
Fi=10000
max_F=20000
kc_true=89925.2109375
kappai=50623.12109375
ac=0.32456411722082024
dt=-8.689783241069175e-08
fr=733859908.6684778
dphi=0.16676997073864885
phi=0.011119824361711661
poly_deg_range=1
eps=0.004352611098479696
c0_real=-0.05435103660236393
c0_imag=-0.09872201760767185
nRange=72.38855222398979
delta_f_max=10174090.205560094
kappa=140548.33109631343
r=0.6398169955919081
noise_std_signal_used=0.005994736632325152
