i=19
Fi=15000
max_F=20000
kc_true=69675.953125
kappai=45182.4375
ac=0.49142241419902366
dt=-2.9675915324628107e-08
fr=741299322.1159961
dphi=-0.5009547084195305
phi=-2.826571356673324
poly_deg_range=2
eps=-0.016248999461638866
c0_real=-0.011196431575857153
c0_imag=-0.002226809449586109
nRange=264.213942609591
delta_f_max=30347188.736572497
kappa=114858.3925467334
r=0.606624832370437
noise_std_signal_used=0.0013591192750305049
