i=93
Fi=10000
max_F=20000
kc_true=37747.3125
kappai=121.14559173583984
ac=1.451842326988656
dt=-2.0031339100856413e-08
fr=740295949.5700278
dphi=0.026176869156018245
phi=-1.3790402271639874
poly_deg_range=3
eps=-0.008571674484274719
c0_real=-0.06419076202657542
c0_imag=-0.027047539347449412
nRange=301.68743972187644
delta_f_max=11424438.168322047
kappa=37868.45809309847
r=0.9968008839229568
noise_std_signal_used=0.0016263699637111963
