i=56
Fi=10000
max_F=20000
kc_true=66980.9765625
kappai=1287.7994384765625
ac=1.0334654754499033
dt=-7.86327044115623e-08
fr=748896023.4540098
dphi=0.013859422262605725
phi=-0.12106484307353949
poly_deg_range=4
eps=0.009170723339365451
c0_real=0.027081298524345827
c0_imag=0.044234397885559926
nRange=163.36736921261698
delta_f_max=11152890.337956188
kappa=68268.77602124502
r=0.9811363329797467
noise_std_signal_used=0.007425060935600148
