i=92
Fi=20000
max_F=20000
kc_true=16270.7275390625
kappai=99656.6171875
ac=0.48579293493200015
dt=-5.111548476736163e-08
fr=729278471.8782468
dphi=0.696779358224878
phi=0.923803965523577
poly_deg_range=4
eps=0.0029062993407245052
c0_real=0.019637848652754416
c0_imag=0.05614656187221804
nRange=364.7173920030035
delta_f_max=42280719.308199175
kappa=115927.34603632773
r=0.14035279936421388
noise_std_signal_used=0.00570355525418023
