i=76
Fi=2000
max_F=20000
kc_true=95900.5
kappai=2479.33056640625
ac=0.3505901548454467
dt=-1.8813152204878258e-08
fr=731211376.7692912
dphi=0.4726419945517235
phi=0.47434588768149766
poly_deg_range=1
eps=-0.026250350277841724
c0_real=0.02740529801952586
c0_imag=0.02954937341391761
nRange=170.62137677013186
delta_f_max=16785702.118772145
kappa=98379.8304557496
r=0.9747983865771676
noise_std_signal_used=0.009595521691492154
