i=77
Fi=6000
max_F=20000
kc_true=10894.46484375
kappai=167.48414611816406
ac=1.3143411459269418
dt=-2.197830216804543e-08
fr=750832675.3043456
dphi=0.06947450230890273
phi=-2.1594579008256227
poly_deg_range=2
eps=-0.01853266128872816
c0_real=0.02999857491468537
c0_imag=0.0271999913946808
nRange=252.9373438348811
delta_f_max=2797979.993917938
kappa=11061.948985059615
r=0.9848594364758126
noise_std_signal_used=0.003497206901946326
