i=78
Fi=6000
max_F=20000
kc_true=19574.462890625
kappai=175.27957153320312
ac=0.9901224911248877
dt=-3.601748492803518e-08
fr=748986632.1380286
dphi=0.07126153283829928
phi=0.8108062351646876
poly_deg_range=3
eps=-0.020711670256164733
c0_real=0.061477125831617956
c0_imag=0.017148677645745427
nRange=28.374832544235915
delta_f_max=560395.6350167731
kappa=19749.742457268258
r=0.9911249695016275
noise_std_signal_used=0.004450198110887106
