i=64
Fi=20000
max_F=20000
kc_true=54281.19921875
kappai=57922.0859375
ac=0.420862813292377
dt=-8.276296576353461e-08
fr=740766326.8386624
dphi=-0.3223070005871915
phi=1.280577926180551
poly_deg_range=5
eps=-0.02893690728849838
c0_real=0.03649187911900179
c0_imag=0.008435724299427629
nRange=46.77210271776123
delta_f_max=5247983.548121389
kappa=112203.28450464385
r=0.4837754924768127
noise_std_signal_used=0.0021423289123713154
