i=90
Fi=2000
max_F=20000
kc_true=33567.59375
kappai=9044.7431640625
ac=1.285775492047506
dt=-7.082139881136146e-09
fr=728090484.2018746
dphi=-0.565510549400014
phi=-2.7418644390900133
poly_deg_range=5
eps=0.023553391246808185
c0_real=0.04561267966375455
c0_imag=0.01166462528784854
nRange=227.19875893749125
delta_f_max=9681470.154462514
kappa=42612.3373197041
r=0.7877435470895473
noise_std_signal_used=0.00594526041723967
