i=81
Fi=20000
max_F=20000
kc_true=13685.9892578125
kappai=55452.02734375
ac=0.43409460098536173
dt=-6.06962914380566e-08
fr=748721861.1729085
dphi=0.1357129512395936
phi=0.10315276835505394
poly_deg_range=5
eps=0.025040057298834927
c0_real=-0.034809874910417704
c0_imag=0.05830974689969758
nRange=132.2905014323543
delta_f_max=9146303.002524648
kappa=69138.01749554588
r=0.19795171677715812
noise_std_signal_used=0.0033634253089315225
