i=21
Fi=10000
max_F=20000
kc_true=25579.60546875
kappai=5249.8251953125
ac=1.0084591229014732
dt=-7.833846324739072e-08
fr=732843658.1069207
dphi=0.32253695709921604
phi=3.0718806030509427
poly_deg_range=5
eps=0.02100402980738799
c0_real=0.053763933455911406
c0_imag=-0.002855678399390117
nRange=393.49412010598047
delta_f_max=12131199.658429222
kappa=30829.430577417283
r=0.8297138477636105
noise_std_signal_used=0.0072405967049047806
