i=94
Fi=5000
max_F=20000
kc_true=11072.3427734375
kappai=1691.08837890625
ac=0.7291588097435348
dt=-1.2461583309846047e-08
fr=740971396.8704573
dphi=-0.24467416216403548
phi=1.1650816033568194
poly_deg_range=5
eps=0.0021648660641162693
c0_real=-0.0274157593260509
c0_imag=0.043934846877305
nRange=89.55384555213973
delta_f_max=1143014.3467717425
kappa=12763.431204149245
r=0.8675051869937614
noise_std_signal_used=0.008095556193292648
