i=51
Fi=6000
max_F=20000
kc_true=28004.212890625
kappai=43139.65625
ac=0.3722201399918048
dt=-8.627995826986746e-09
fr=741632200.2757341
dphi=-0.7110720329402885
phi=0.22129637311786654
poly_deg_range=5
eps=0.0003906644964958572
c0_real=0.022198861140972036
c0_imag=0.0034844796862833847
nRange=41.9545318240761
delta_f_max=2984807.7221673843
kappa=71143.86914584797
r=0.39362791519273665
noise_std_signal_used=0.004387836379797093
