i=16
Fi=10000
max_F=20000
kc_true=22088.884765625
kappai=12046.423828125
ac=0.4126182477827376
dt=-8.117167321992574e-08
fr=729759882.1901926
dphi=-0.1574059181765921
phi=1.9625044907359808
poly_deg_range=3
eps=-0.005170900372071668
c0_real=0.04910480674285342
c0_imag=-0.012367127535494106
nRange=393.6680064315685
delta_f_max=13437978.928165287
kappa=34135.30870840838
r=0.6470978468164242
noise_std_signal_used=0.0052376880505252375
