i=58
Fi=5000
max_F=20000
kc_true=15780.4912109375
kappai=82527.625
ac=0.5885808881351207
dt=-1.8847896220883393e-08
fr=747898544.4182985
dphi=0.715325861980733
phi=-0.03450469766338404
poly_deg_range=2
eps=0.00309945613867664
c0_real=-0.013349282921430448
c0_imag=-0.05271513590590138
nRange=183.76553711993975
delta_f_max=18065643.83807272
kappa=98308.11653374197
r=0.16052073589998253
noise_std_signal_used=0.007398273350834803
