i=14
Fi=5000
max_F=20000
kc_true=38319.5625
kappai=27048.3515625
ac=0.9508713647920476
dt=-4.234047435811985e-08
fr=730049687.8947024
dphi=-0.21590709835724997
phi=2.0643914058915938
poly_deg_range=5
eps=0.005881477872984993
c0_real=0.01043664915454702
c0_imag=-0.03958111352749963
nRange=105.57984789762267
delta_f_max=6901534.457962553
kappa=65367.914383195035
r=0.5862136318953951
noise_std_signal_used=0.009398130944420945
