i=70
Fi=2000
max_F=20000
kc_true=27002.908203125
kappai=328.497802734375
ac=1.1128844733111947
dt=-6.512020165931417e-08
fr=746834411.0408586
dphi=0.6834768183255819
phi=2.2046143454882765
poly_deg_range=2
eps=0.014203520854713589
c0_real=0.03853212467206758
c0_imag=-0.029324345551499376
nRange=131.65362023161214
delta_f_max=3598278.545582863
kappa=27331.40599743917
r=0.987980940521503
noise_std_signal_used=0.006095567472648516
